

freq1 = 4000;
freq2 = 5000;
freq3 = 6000;
freq4 = 7000;
freq5 = 8000;
freq6 = 9000;
freq7 = 10000;
freq8 = 11000;

Fs = 4800;